#created by OURYGO
#main
91800273
3723262
84192580
84192580
96676583
96676583
96676583
30118811
30118811
30118811
69272449
69272449
69272449
32061192
20938824
20938824
20938824
14558127
14558127
14558127
23434538
23434538
94145022
94145022
94145022
1475311
75500286
24224831
24224831
65681983
93453053
68337209
68337209
68337209
20726052
40366667
40366667
40366667
57111661
94722358
#extra
39138610
5043010
86066372
4280259
21848500
95454996
61245672
68059897
29301450
59859086
52698008
98978921
30342076
24842059
60303245
!side
